Weakly001
WeaklyCorrelated
2453
6	48
570	497
953	932
61	132
470	532
292	269
552	535
360	298
438	491
33	99
298	282
473	418
13	38
23	47
786	804
98	100
840	832
566	605
450	446
780	810
347	293
836	771
281	344
310	318
573	513
345	310
859	849
237	172
320	276
799	791
49	79
785	721
506	503
418	381
179	168
891	891
519	561
881	903
182	241
381	333
301	372
443	407
118	151
699	716
317	244
764	723
133	172
350	404
613	623
904	880
622	641
498	571
134	152
970	944
966	978
675	635
415	489
261	316
867	907
929	933
870	810
374	326
550	481
651	631
724	704
555	523
474	528
349	293
195	229
968	1023
792	751
496	508
569	517
432	459
974	943
280	317
822	862
536	581
14	36
512	535
372	329
883	876
435	468
823	769
112	94
245	207
660	668
273	255
799	824
565	604
935	878
689	626
985	983
425	452
679	660
614	562
189	221
476	493
498	433
90	92
301	345
365	387
25	84
122	180
973	994
426	448
937	954
335	349
867	863
715	708
42	99
286	343
31	43
268	328
649	683
536	568
585	537
705	710
658	595
815	887
312	380
425	479
996	997
217	188
874	937
8	10
662	649
976	987
334	325
849	845
525	457
313	296
168	132
450	507
794	779
661	676
229	169
812	786
982	990
73	144
97	35
476	438
504	464
852	913
190	202
660	721
188	160
29	29
225	155
374	324
509	464
868	932
491	436
656	719
381	336
929	942
462	518
552	592
893	855
445	375
909	934
876	847
809	811
869	929
25	29
480	464
92	101
638	647
513	466
948	1020
237	205
607	605
610	622
892	913
518	490
208	135
772	701
952	893
506	483
605	583
880	853
27	48
163	119
613	571
765	788
833	849
957	1002
630	679
181	141
471	489
86	36
951	987
787	800
948	908
835	783
96	94
205	146
70	78
478	475
319	269
754	786
309	359
687	700
255	274
895	931
516	514
267	219
209	250
270	247
706	670
763	727
522	494
881	812
560	544
841	843
506	470
888	884
851	836
78	125
666	710
641	704
817	780
907	934
525	488
118	146
962	972
684	636
288	308
318	246
312	304
545	539
142	188
875	845
36	24
864	922
676	615
280	246
807	751
32	19
750	772
56	73
418	382
913	973
273	279
630	582
516	586
460	462
471	448
81	108
180	248
282	258
615	604
408	358
829	790
150	181
601	528
553	596
187	200
602	600
97	72
190	150
632	693
981	1042
210	182
109	147
506	435
72	67
388	338
334	282
470	502
53	77
264	256
132	147
926	971
297	306
250	206
583	519
171	132
158	187
194	166
943	980
961	915
771	723
312	282
671	680
250	277
224	211
35	44
372	436
960	976
941	901
581	553
255	220
1	34
466	492
19	47
638	583
989	985
284	288
573	538
172	240
380	406
748	798
86	74
944	948
303	253
588	574
991	930
908	970
409	374
573	626
89	24
594	585
354	355
705	704
609	576
32	92
586	537
280	278
885	951
167	95
96	83
525	530
296	341
854	879
550	501
223	153
977	977
9	35
256	217
758	739
10	76
835	763
793	840
807	871
981	1042
841	829
873	859
478	405
129	163
951	1016
840	848
222	212
482	521
418	373
536	558
871	896
742	749
24	3
665	724
436	440
407	364
71	28
926	966
196	158
217	148
316	245
321	366
271	235
539	476
907	915
834	897
808	865
155	156
356	325
386	329
600	557
501	527
143	209
10	55
929	983
884	896
819	834
400	387
636	710
331	371
277	346
969	913
185	124
491	425
808	806
48	12
684	635
638	695
797	751
172	106
838	859
561	577
751	757
401	347
57	55
961	1020
994	966
731	794
919	966
29	70
460	395
446	451
223	282
212	228
583	578
169	171
214	227
703	699
575	642
195	210
182	194
652	653
277	303
401	346
681	730
432	372
881	831
39	52
442	391
486	503
658	600
933	864
923	937
728	802
638	588
292	300
734	728
36	28
696	629
776	792
856	827
831	846
72	42
797	752
207	137
402	376
35	12
17	24
569	643
204	173
31	4
674	729
676	613
91	41
825	895
838	814
954	972
163	229
289	230
98	116
275	244
267	283
911	843
999	1059
796	737
285	342
655	612
572	551
83	35
494	561
165	105
359	361
934	930
575	577
750	750
850	871
79	33
570	636
534	469
369	353
174	110
471	427
322	282
539	533
102	161
450	433
22	80
238	166
501	563
883	842
619	629
679	723
689	728
703	660
81	45
653	664
863	860
837	818
707	655
794	823
33	47
443	471
529	490
629	652
387	443
896	855
183	208
63	75
427	430
831	883
110	172
421	362
551	598
664	687
310	348
843	843
279	220
559	554
27	96
807	808
495	514
139	200
264	209
825	892
975	1006
119	183
605	550
490	477
105	92
235	263
500	495
499	522
882	841
929	921
117	68
869	920
449	411
153	144
348	277
187	247
886	922
321	250
587	555
55	51
604	571
888	843
924	976
690	752
397	429
921	968
556	579
793	722
338	376
553	502
254	276
196	188
212	275
401	430
748	771
680	708
351	378
178	130
527	497
253	240
692	662
774	705
740	785
999	1002
678	719
73	120
681	744
64	124
824	870
252	249
872	894
945	886
112	61
315	272
376	372
614	638
323	268
120	75
174	151
915	926
67	48
920	931
180	130
101	154
129	162
811	875
211	281
991	982
394	422
119	154
74	93
270	200
373	431
143	151
787	747
736	701
129	156
970	1002
314	263
177	160
20	83
640	691
433	437
591	582
633	561
464	433
671	677
618	674
999	1056
942	938
48	58
619	641
790	745
153	221
226	217
951	893
241	204
935	877
600	561
999	947
65	53
385	369
915	914
355	373
822	780
471	464
146	157
161	138
39	87
948	973
332	372
557	484
790	718
561	593
799	830
747	709
685	614
36	27
430	469
945	996
372	339
74	147
306	293
469	520
235	229
696	722
852	783
454	514
687	694
426	448
960	925
460	408
730	763
333	353
107	88
38	11
313	381
653	652
588	609
251	313
476	467
461	486
271	315
157	162
1000	1014
392	422
639	662
656	654
964	1032
163	137
287	296
556	540
697	752
675	717
253	228
341	410
387	325
547	509
949	899
684	680
650	605
878	881
213	230
833	762
46	73
971	919
39	4
326	312
656	645
489	560
228	189
120	139
784	749
24	21
287	306
780	759
18	35
779	715
713	768
27	43
704	774
926	875
255	199
315	386
150	109
838	851
782	837
397	385
697	757
108	163
480	416
185	250
698	729
641	669
363	424
450	478
492	555
688	669
124	111
258	192
439	428
361	408
157	93
504	547
734	756
914	936
556	603
253	292
136	101
703	669
144	185
461	523
32	38
103	149
586	569
955	921
650	702
631	658
405	394
708	662
483	499
163	203
592	545
479	464
510	553
703	642
347	384
687	757
80	48
578	572
415	382
541	598
967	1013
81	105
4	35
823	773
447	410
375	304
266	280
196	125
542	557
127	189
384	338
888	892
176	219
639	595
820	851
875	923
155	163
321	264
702	711
359	392
690	759
337	311
352	334
262	296
725	677
235	230
523	526
476	520
744	712
756	786
532	534
767	774
563	553
178	145
386	415
719	680
555	507
689	735
580	638
927	894
807	785
126	133
294	333
681	675
54	16
623	660
78	145
158	213
174	121
534	461
35	99
870	892
708	779
670	679
755	728
307	379
361	416
426	357
589	612
566	530
974	992
176	215
189	199
882	874
759	815
790	780
894	955
740	771
328	282
878	867
60	71
240	237
222	288
999	1040
663	601
932	860
517	554
474	425
514	566
741	687
516	457
117	67
732	769
269	281
876	856
370	302
807	769
982	969
211	281
621	617
722	706
675	736
255	228
588	564
213	237
102	176
918	905
208	227
428	382
78	131
676	679
435	451
403	372
775	737
890	835
790	726
381	366
914	951
705	719
687	729
259	241
732	749
970	1027
272	255
144	160
88	88
766	696
104	149
968	1031
282	353
77	82
182	230
463	506
863	802
224	197
926	866
519	486
193	240
445	472
44	34
780	833
566	629
299	272
553	514
945	948
752	801
275	326
490	560
364	437
152	190
927	909
458	456
358	421
190	155
52	84
305	244
266	237
309	258
220	191
873	896
901	975
724	673
107	79
513	553
815	780
930	929
955	944
747	743
232	203
113	181
199	183
246	202
179	112
559	579
121	177
165	182
189	124
516	466
942	940
673	705
455	511
791	728
502	491
109	62
323	258
53	42
625	631
968	1016
588	584
728	780
15	65
563	507
50	64
935	896
398	360
236	238
194	208
325	363
47	92
992	1050
248	183
177	235
122	131
189	134
28	66
732	773
521	564
682	670
809	856
816	843
601	586
695	686
448	431
224	167
709	762
431	431
985	962
190	257
429	373
549	563
837	807
268	273
87	137
858	932
738	692
778	839
663	668
961	932
599	561
752	761
598	623
850	795
185	144
528	537
482	446
9	36
803	738
197	146
256	266
63	81
156	201
120	61
570	509
168	150
216	262
998	1046
87	160
872	891
92	129
649	653
742	686
196	250
296	341
177	133
746	786
318	332
10	36
27	58
431	364
841	882
318	297
49	87
252	312
532	473
538	543
328	294
158	161
735	684
